24
73
129
138
169
186
265
290
466
478
541
581
631
672
721
722
730
732
733
737
745
746
747
756
766
775
784
795
798
806
816
832
857
870
923
931
943
953
840
982
1030
1038
1042
1151
1157
1213
1225
720
1254
1257
1242
1268
1245
1278
1279
1281
1292
1293
1299
1300
1306
1307
1316
1317
1318
1321
1324
1325
1331
1340
1348
1347
1354
1358
1363
1369
1383
1385
1386
1387
1388
1391
1392
1393
1400
1406
1407
1408
1415
1428
1439
1446
1453
1528
1543
1578
1662
1705
1723
1729
1753
1786
1722
1819
1860
1866
1883
1886
1888
1904
1910
1916
1929
1940
1953
1957
1973
1985
2029
2030
2047
2066
2063
2070
2093
2096
2099
2107
2133
2131
2141
2142
2143
2150
2151
2164
2175
2206
2124
2211
2212
2225
2186
2232
2247
2249
2293
2295
2316
2329
2340
2338
2367
2369
2376
2381
2386
2378
2397
2424
2463
2518
2533
2568
2621
2629
